2 1
1 2

8 7 5 1 3
7 3 5 1
5 1 3
3 1
1 3 5 7 8

9 8 2 6 3 1 1
8 6 2 1 3 1
6 3 2 1 1
3 1 2 1
2 1 1
1 1
1 1 2 3 6 8 9

1000000000 66 89 59 15 23 34 3 9 9 5 7 11 8 29 -1000000000 0 -3 4 -33
89 59 66 9 15 23 34 0 4 9 5 7 11 8 29 -1000000000 -33 -3 3
66 15 59 4 9 23 34 0 3 9 5 7 11 8 29 -1000000000 -33 -3
59 9 34 3 9 15 29 -3 0 4 5 7 11 8 23 -1000000000 -33
34 9 29 0 5 11 23 -33 -3 3 4 7 9 8 15 -1000000000
29 5 23 -3 4 9 15 -1000000000 -33 0 3 7 9 8 11
23 5 15 -3 4 9 11 -1000000000 -33 0 3 7 9 8
15 5 11 -3 4 9 9 -1000000000 -33 0 3 7 8
11 5 9 -3 4 8 9 -1000000000 -33 0 3 7
9 5 9 -3 4 7 8 -1000000000 -33 0 3
9 4 8 -3 3 5 7 -1000000000 -33 0
8 3 7 -3 0 4 5 -1000000000 -33
7 0 5 -33 -3 3 4 -1000000000
5 -3 4 -1000000000 -33 0 3
4 -3 3 -1000000000 -33 0
3 -3 0 -1000000000 -33
0 -33 -3 -1000000000
-3 -1000000000 -33
-33 -1000000000
-1000000000 -33 -3 0 3 4 5 7 8 9 9 11 15 23 29 34 59 66 89 1000000000

9 4 5 2 1 0 -9
5 2 4 -9 1 0
4 1 2 -9 0
2 0 1 -9
1 -9 0
0 -9
-9 0 1 2 4 5 9

3

