100 4950
1 2 49
1 3 33
1 4 36
1 5 44
1 6 47
1 7 42
1 8 15
1 9 29
1 10 55
1 11 49
1 12 48
1 13 23
1 14 41
1 15 14
1 16 29
1 17 53
1 18 11
1 19 12
1 20 26
1 21 41
1 22 47
1 23 22
1 24 20
1 25 21
1 26 23
1 27 34
1 28 28
1 29 40
1 30 54
1 31 36
1 32 31
1 33 55
1 34 49
1 35 43
1 36 14
1 37 47
1 38 25
1 39 46
1 40 12
1 41 47
1 42 43
1 43 37
1 44 31
1 45 35
1 46 25
1 47 21
1 48 14
1 49 14
1 50 33
1 51 14
1 52 50
1 53 49
1 54 9
1 55 15
1 56 36
1 57 8
1 58 50
1 59 37
1 60 54
1 61 54
1 62 43
1 63 34
1 64 12
1 65 9
1 66 28
1 67 53
1 68 40
1 69 50
1 70 18
1 71 49
1 72 12
1 73 9
1 74 17
1 75 31
1 76 22
1 77 35
1 78 44
1 79 8
1 80 43
1 81 37
1 82 50
1 83 48
1 84 9
1 85 43
1 86 43
1 87 19
1 88 19
1 89 43
1 90 13
1 91 12
1 92 40
1 93 45
1 94 46
1 95 55
1 96 38
1 97 30
1 98 50
1 99 37
1 100 31
2 3 12
2 4 12
2 5 18
2 6 50
2 7 7
2 8 45
2 9 14
2 10 12
2 11 14
2 12 7
2 13 44
2 14 53
2 15 24
2 16 34
2 17 46
2 18 22
2 19 38
2 20 34
2 21 49
2 22 32
2 23 30
2 24 23
2 25 16
2 26 15
2 27 42
2 28 35
2 29 18
2 30 43
2 31 18
2 32 55
2 33 56
2 34 43
2 35 51
2 36 44
2 37 16
2 38 16
2 39 9
2 40 30
2 41 10
2 42 17
2 43 37
2 44 16
2 45 19
2 46 17
2 47 23
2 48 15
2 49 31
2 50 36
2 51 23
2 52 17
2 53 40
2 54 28
2 55 55
2 56 36
2 57 50
2 58 29
2 59 51
2 60 18
2 61 49
2 62 12
2 63 51
2 64 39
2 65 44
2 66 43
2 67 48
2 68 48
2 69 16
2 70 9
2 71 27
2 72 38
2 73 55
2 74 20
2 75 19
2 76 12
2 77 22
2 78 39
2 79 40
2 80 15
2 81 27
2 82 50
2 83 18
2 84 44
2 85 31
2 86 50
2 87 44
2 88 45
2 89 12
2 90 40
2 91 41
2 92 32
2 93 56
2 94 9
2 95 18
2 96 7
2 97 15
2 98 36
2 99 26
2 100 25
3 4 23
3 5 50
3 6 55
3 7 37
3 8 44
3 9 35
3 10 12
3 11 17
3 12 49
3 13 56
3 14 47
3 15 15
3 16 10
3 17 9
3 18 20
3 19 32
3 20 12
3 21 32
3 22 35
3 23 9
3 24 38
3 25 30
3 26 54
3 27 15
3 28 18
3 29 52
3 30 53
3 31 17
3 32 42
3 33 51
3 34 39
3 35 8
3 36 46
3 37 37
3 38 31
3 39 39
3 40 41
3 41 50
3 42 56
3 43 18
3 44 32
3 45 16
3 46 40
3 47 27
3 48 47
3 49 47
3 50 22
3 51 45
3 52 29
3 53 49
3 54 48
3 55 15
3 56 20
3 57 22
3 58 53
3 59 19
3 60 52
3 61 18
3 62 16
3 63 24
3 64 31
3 65 9
3 66 18
3 67 13
3 68 50
3 69 37
3 70 15
3 71 44
3 72 11
3 73 20
3 74 11
3 75 49
3 76 20
3 77 10
3 78 12
3 79 51
3 80 52
3 81 51
3 82 8
3 83 33
3 84 12
3 85 34
3 86 11
3 87 52
3 88 15
3 89 28
3 90 53
3 91 14
3 92 28
3 93 24
3 94 17
3 95 52
3 96 44
3 97 19
3 98 39
3 99 52
3 100 49
4 5 46
4 6 21
4 7 47
4 8 42
4 9 32
4 10 19
4 11 30
4 12 19
4 13 34
4 14 18
4 15 49
4 16 30
4 17 54
4 18 28
4 19 42
4 20 13
4 21 42
4 22 46
4 23 42
4 24 21
4 25 52
4 26 18
4 27 16
4 28 16
4 29 46
4 30 55
4 31 38
4 32 8
4 33 18
4 34 23
4 35 23
4 36 29
4 37 49
4 38 53
4 39 9
4 40 20
4 41 7
4 42 34
4 43 9
4 44 53
4 45 21
4 46 39
4 47 49
4 48 55
4 49 45
4 50 9
4 51 36
4 52 52
4 53 36
4 54 7
4 55 38
4 56 52
4 57 39
4 58 7
4 59 9
4 60 11
4 61 15
4 62 27
4 63 32
4 64 9
4 65 32
4 66 51
4 67 56
4 68 30
4 69 54
4 70 23
4 71 28
4 72 40
4 73 12
4 74 52
4 75 38
4 76 32
4 77 52
4 78 53
4 79 45
4 80 35
4 81 19
4 82 38
4 83 7
4 84 35
4 85 37
4 86 55
4 87 24
4 88 45
4 89 41
4 90 25
4 91 41
4 92 25
4 93 51
4 94 23
4 95 55
4 96 49
4 97 8
4 98 49
4 99 41
4 100 41
5 6 10
5 7 29
5 8 43
5 9 30
5 10 53
5 11 47
5 12 48
5 13 19
5 14 26
5 15 48
5 16 29
5 17 33
5 18 13
5 19 16
5 20 51
5 21 56
5 22 56
5 23 17
5 24 36
5 25 38
5 26 49
5 27 32
5 28 28
5 29 38
5 30 53
5 31 16
5 32 23
5 33 17
5 34 52
5 35 41
5 36 26
5 37 11
5 38 42
5 39 8
5 40 32
5 41 55
5 42 56
5 43 9
5 44 34
5 45 47
5 46 18
5 47 41
5 48 45
5 49 17
5 50 20
5 51 49
5 52 11
5 53 29
5 54 13
5 55 28
5 56 22
5 57 56
5 58 14
5 59 8
5 60 33
5 61 52
5 62 25
5 63 15
5 64 53
5 65 56
5 66 15
5 67 10
5 68 52
5 69 52
5 70 11
5 71 27
5 72 35
5 73 17
5 74 28
5 75 19
5 76 44
5 77 20
5 78 12
5 79 43
5 80 49
5 81 21
5 82 8
5 83 31
5 84 9
5 85 37
5 86 15
5 87 52
5 88 50
5 89 11
5 90 44
5 91 7
5 92 34
5 93 54
5 94 44
5 95 48
5 96 27
5 97 28
5 98 33
5 99 32
5 100 43
6 7 16
6 8 22
6 9 46
6 10 8
6 11 20
6 12 11
6 13 54
6 14 23
6 15 28
6 16 29
6 17 44
6 18 32
6 19 34
6 20 52
6 21 44
6 22 56
6 23 31
6 24 13
6 25 31
6 26 32
6 27 17
6 28 50
6 29 25
6 30 8
6 31 37
6 32 27
6 33 36
6 34 26
6 35 33
6 36 50
6 37 15
6 38 55
6 39 41
6 40 38
6 41 26
6 42 9
6 43 23
6 44 40
6 45 51
6 46 49
6 47 29
6 48 33
6 49 45
6 50 48
6 51 49
6 52 50
6 53 16
6 54 9
6 55 36
6 56 30
6 57 36
6 58 50
6 59 43
6 60 38
6 61 10
6 62 18
6 63 29
6 64 18
6 65 25
6 66 30
6 67 55
6 68 20
6 69 25
6 70 44
6 71 18
6 72 13
6 73 14
6 74 40
6 75 36
6 76 56
6 77 42
6 78 14
6 79 20
6 80 45
6 81 41
6 82 53
6 83 28
6 84 41
6 85 19
6 86 36
6 87 44
6 88 47
6 89 50
6 90 48
6 91 41
6 92 55
6 93 48
6 94 38
6 95 8
6 96 16
6 97 44
6 98 17
6 99 34
6 100 52
7 8 9
7 9 34
7 10 41
7 11 52
7 12 8
7 13 42
7 14 25
7 15 42
7 16 39
7 17 28
7 18 32
7 19 27
7 20 38
7 21 15
7 22 17
7 23 25
7 24 25
7 25 27
7 26 32
7 27 53
7 28 32
7 29 40
7 30 54
7 31 19
7 32 39
7 33 28
7 34 28
7 35 9
7 36 12
7 37 49
7 38 24
7 39 48
7 40 56
7 41 9
7 42 40
7 43 43
7 44 31
7 45 29
7 46 21
7 47 55
7 48 17
7 49 29
7 50 36
7 51 14
7 52 25
7 53 22
7 54 54
7 55 19
7 56 8
7 57 19
7 58 52
7 59 27
7 60 20
7 61 35
7 62 26
7 63 41
7 64 45
7 65 27
7 66 56
7 67 14
7 68 13
7 69 36
7 70 9
7 71 12
7 72 18
7 73 39
7 74 48
7 75 24
7 76 53
7 77 56
7 78 32
7 79 9
7 80 39
7 81 27
7 82 35
7 83 31
7 84 13
7 85 56
7 86 25
7 87 36
7 88 30
7 89 45
7 90 20
7 91 39
7 92 48
7 93 41
7 94 53
7 95 38
7 96 56
7 97 56
7 98 34
7 99 35
7 100 42
8 9 36
8 10 50
8 11 48
8 12 9
8 13 44
8 14 37
8 15 28
8 16 37
8 17 22
8 18 10
8 19 7
8 20 54
8 21 11
8 22 38
8 23 48
8 24 10
8 25 19
8 26 21
8 27 46
8 28 9
8 29 9
8 30 41
8 31 14
8 32 26
8 33 36
8 34 18
8 35 33
8 36 40
8 37 7
8 38 22
8 39 17
8 40 52
8 41 9
8 42 14
8 43 23
8 44 39
8 45 23
8 46 28
8 47 10
8 48 8
8 49 43
8 50 52
8 51 11
8 52 16
8 53 31
8 54 40
8 55 36
8 56 53
8 57 26
8 58 19
8 59 22
8 60 23
8 61 26
8 62 23
8 63 20
8 64 44
8 65 24
8 66 41
8 67 27
8 68 41
8 69 15
8 70 15
8 71 45
8 72 29
8 73 28
8 74 40
8 75 36
8 76 24
8 77 26
8 78 48
8 79 33
8 80 20
8 81 37
8 82 20
8 83 7
8 84 27
8 85 12
8 86 22
8 87 9
8 88 41
8 89 27
8 90 51
8 91 32
8 92 34
8 93 30
8 94 46
8 95 50
8 96 52
8 97 15
8 98 29
8 99 41
8 100 52
9 10 34
9 11 46
9 12 30
9 13 51
9 14 15
9 15 18
9 16 56
9 17 46
9 18 53
9 19 28
9 20 50
9 21 38
9 22 31
9 23 13
9 24 20
9 25 53
9 26 21
9 27 35
9 28 42
9 29 48
9 30 16
9 31 51
9 32 17
9 33 45
9 34 33
9 35 22
9 36 34
9 37 30
9 38 9
9 39 26
9 40 56
9 41 8
9 42 14
9 43 19
9 44 23
9 45 25
9 46 8
9 47 8
9 48 12
9 49 33
9 50 14
9 51 50
9 52 23
9 53 21
9 54 22
9 55 35
9 56 53
9 57 48
9 58 26
9 59 51
9 60 11
9 61 44
9 62 25
9 63 37
9 64 25
9 65 19
9 66 19
9 67 52
9 68 48
9 69 16
9 70 48
9 71 42
9 72 42
9 73 22
9 74 9
9 75 56
9 76 47
9 77 52
9 78 29
9 79 39
9 80 54
9 81 37
9 82 27
9 83 30
9 84 51
9 85 7
9 86 40
9 87 24
9 88 25
9 89 50
9 90 45
9 91 42
9 92 55
9 93 32
9 94 30
9 95 50
9 96 43
9 97 50
9 98 46
9 99 25
9 100 50
10 11 48
10 12 33
10 13 28
10 14 26
10 15 52
10 16 33
10 17 14
10 18 19
10 19 13
10 20 12
10 21 30
10 22 24
10 23 40
10 24 34
10 25 44
10 26 45
10 27 45
10 28 28
10 29 55
10 30 23
10 31 7
10 32 11
10 33 19
10 34 17
10 35 19
10 36 45
10 37 17
10 38 18
10 39 27
10 40 30
10 41 29
10 42 49
10 43 21
10 44 18
10 45 36
10 46 45
10 47 18
10 48 36
10 49 7
10 50 11
10 51 47
10 52 11
10 53 33
10 54 23
10 55 38
10 56 49
10 57 15
10 58 20
10 59 27
10 60 14
10 61 26
10 62 33
10 63 9
10 64 53
10 65 14
10 66 30
10 67 28
10 68 42
10 69 34
10 70 53
10 71 13
10 72 29
10 73 10
10 74 37
10 75 10
10 76 51
10 77 38
10 78 56
10 79 35
10 80 15
10 81 17
10 82 18
10 83 8
10 84 42
10 85 20
10 86 23
10 87 15
10 88 29
10 89 56
10 90 31
10 91 46
10 92 56
10 93 50
10 94 51
10 95 30
10 96 53
10 97 41
10 98 21
10 99 8
10 100 49
11 12 17
11 13 7
11 14 56
11 15 20
11 16 46
11 17 32
11 18 34
11 19 50
11 20 26
11 21 26
11 22 46
11 23 18
11 24 44
11 25 11
11 26 24
11 27 55
11 28 51
11 29 21
11 30 25
11 31 17
11 32 14
11 33 45
11 34 31
11 35 10
11 36 13
11 37 14
11 38 31
11 39 8
11 40 21
11 41 22
11 42 55
11 43 24
11 44 52
11 45 32
11 46 41
11 47 27
11 48 36
11 49 45
11 50 41
11 51 31
11 52 43
11 53 28
11 54 21
11 55 38
11 56 27
11 57 51
11 58 42
11 59 49
11 60 38
11 61 56
11 62 27
11 63 23
11 64 7
11 65 47
11 66 30
11 67 52
11 68 53
11 69 16
11 70 41
11 71 30
11 72 28
11 73 38
11 74 7
11 75 56
11 76 26
11 77 19
11 78 38
11 79 9
11 80 36
11 81 42
11 82 39
11 83 8
11 84 54
11 85 27
11 86 11
11 87 40
11 88 7
11 89 7
11 90 27
11 91 54
11 92 30
11 93 55
11 94 44
11 95 18
11 96 56
11 97 16
11 98 16
11 99 20
11 100 27
12 13 40
12 14 31
12 15 45
12 16 35
12 17 49
12 18 49
12 19 15
12 20 17
12 21 18
12 22 40
12 23 21
12 24 16
12 25 12
12 26 51
12 27 11
12 28 29
12 29 45
12 30 41
12 31 14
12 32 11
12 33 20
12 34 31
12 35 52
12 36 12
12 37 23
12 38 27
12 39 42
12 40 21
12 41 39
12 42 37
12 43 36
12 44 15
12 45 47
12 46 35
12 47 29
12 48 8
12 49 28
12 50 28
12 51 9
12 52 19
12 53 35
12 54 22
12 55 19
12 56 53
12 57 20
12 58 40
12 59 54
12 60 22
12 61 43
12 62 17
12 63 22
12 64 20
12 65 7
12 66 13
12 67 19
12 68 56
12 69 36
12 70 22
12 71 17
12 72 26
12 73 8
12 74 10
12 75 52
12 76 45
12 77 18
12 78 27
12 79 26
12 80 27
12 81 35
12 82 48
12 83 22
12 84 31
12 85 47
12 86 50
12 87 41
12 88 8
12 89 40
12 90 35
12 91 14
12 92 39
12 93 23
12 94 40
12 95 36
12 96 35
12 97 8
12 98 26
12 99 51
12 100 54
13 14 41
13 15 51
13 16 30
13 17 20
13 18 56
13 19 24
13 20 55
13 21 36
13 22 44
13 23 34
13 24 26
13 25 11
13 26 40
13 27 32
13 28 8
13 29 52
13 30 13
13 31 39
13 32 22
13 33 31
13 34 47
13 35 36
13 36 17
13 37 41
13 38 14
13 39 21
13 40 50
13 41 43
13 42 36
13 43 38
13 44 42
13 45 50
13 46 16
13 47 53
13 48 33
13 49 37
13 50 42
13 51 48
13 52 13
13 53 26
13 54 37
13 55 21
13 56 51
13 57 50
13 58 17
13 59 7
13 60 33
13 61 40
13 62 40
13 63 28
13 64 15
13 65 22
13 66 13
13 67 15
13 68 40
13 69 25
13 70 16
13 71 48
13 72 51
13 73 17
13 74 47
13 75 10
13 76 34
13 77 25
13 78 40
13 79 37
13 80 27
13 81 29
13 82 47
13 83 44
13 84 28
13 85 19
13 86 52
13 87 17
13 88 10
13 89 52
13 90 51
13 91 15
13 92 33
13 93 51
13 94 17
13 95 55
13 96 22
13 97 56
13 98 31
13 99 48
13 100 26
14 15 25
14 16 36
14 17 40
14 18 45
14 19 50
14 20 55
14 21 29
14 22 18
14 23 15
14 24 39
14 25 48
14 26 48
14 27 19
14 28 10
14 29 24
14 30 46
14 31 28
14 32 49
14 33 28
14 34 37
14 35 42
14 36 32
14 37 26
14 38 39
14 39 28
14 40 50
14 41 30
14 42 42
14 43 21
14 44 35
14 45 55
14 46 13
14 47 27
14 48 41
14 49 44
14 50 33
14 51 38
14 52 7
14 53 47
14 54 51
14 55 54
14 56 56
14 57 36
14 58 11
14 59 19
14 60 42
14 61 22
14 62 51
14 63 31
14 64 33
14 65 22
14 66 37
14 67 56
14 68 8
14 69 39
14 70 49
14 71 37
14 72 23
14 73 16
14 74 25
14 75 13
14 76 50
14 77 24
14 78 9
14 79 37
14 80 19
14 81 16
14 82 23
14 83 49
14 84 52
14 85 9
14 86 55
14 87 35
14 88 12
14 89 35
14 90 14
14 91 23
14 92 16
14 93 20
14 94 7
14 95 11
14 96 30
14 97 49
14 98 47
14 99 8
14 100 52
15 16 12
15 17 27
15 18 28
15 19 30
15 20 14
15 21 17
15 22 14
15 23 41
15 24 15
15 25 35
15 26 16
15 27 15
15 28 24
15 29 30
15 30 50
15 31 54
15 32 21
15 33 37
15 34 33
15 35 35
15 36 35
15 37 23
15 38 46
15 39 24
15 40 10
15 41 44
15 42 56
15 43 55
15 44 29
15 45 33
15 46 37
15 47 24
15 48 33
15 49 52
15 50 21
15 51 14
15 52 7
15 53 18
15 54 55
15 55 31
15 56 18
15 57 28
15 58 8
15 59 51
15 60 17
15 61 56
15 62 32
15 63 21
15 64 36
15 65 49
15 66 14
15 67 9
15 68 40
15 69 32
15 70 10
15 71 35
15 72 49
15 73 23
15 74 52
15 75 33
15 76 34
15 77 15
15 78 16
15 79 47
15 80 50
15 81 37
15 82 37
15 83 49
15 84 20
15 85 38
15 86 9
15 87 33
15 88 19
15 89 26
15 90 31
15 91 22
15 92 36
15 93 18
15 94 36
15 95 36
15 96 15
15 97 45
15 98 10
15 99 27
15 100 34
16 17 39
16 18 50
16 19 40
16 20 34
16 21 22
16 22 44
16 23 46
16 24 28
16 25 37
16 26 25
16 27 12
16 28 8
16 29 9
16 30 23
16 31 47
16 32 41
16 33 23
16 34 16
16 35 18
16 36 47
16 37 30
16 38 18
16 39 30
16 40 50
16 41 48
16 42 8
16 43 55
16 44 34
16 45 9
16 46 40
16 47 21
16 48 11
16 49 52
16 50 12
16 51 56
16 52 10
16 53 16
16 54 10
16 55 15
16 56 35
16 57 37
16 58 40
16 59 54
16 60 27
16 61 43
16 62 56
16 63 46
16 64 20
16 65 33
16 66 20
16 67 47
16 68 11
16 69 8
16 70 43
16 71 16
16 72 41
16 73 9
16 74 28
16 75 39
16 76 44
16 77 10
16 78 28
16 79 48
16 80 39
16 81 51
16 82 38
16 83 22
16 84 15
16 85 49
16 86 47
16 87 20
16 88 27
16 89 24
16 90 49
16 91 34
16 92 10
16 93 47
16 94 19
16 95 37
16 96 34
16 97 29
16 98 51
16 99 22
16 100 46
17 18 44
17 19 13
17 20 13
17 21 36
17 22 31
17 23 50
17 24 42
17 25 43
17 26 12
17 27 32
17 28 39
17 29 20
17 30 27
17 31 27
17 32 35
17 33 16
17 34 46
17 35 43
17 36 46
17 37 35
17 38 30
17 39 50
17 40 14
17 41 32
17 42 31
17 43 31
17 44 38
17 45 38
17 46 33
17 47 56
17 48 36
17 49 34
17 50 34
17 51 8
17 52 29
17 53 36
17 54 13
17 55 10
17 56 44
17 57 8
17 58 48
17 59 48
17 60 31
17 61 33
17 62 36
17 63 31
17 64 50
17 65 41
17 66 45
17 67 34
17 68 7
17 69 36
17 70 33
17 71 19
17 72 19
17 73 34
17 74 18
17 75 17
17 76 26
17 77 50
17 78 38
17 79 25
17 80 54
17 81 17
17 82 30
17 83 24
17 84 11
17 85 27
17 86 29
17 87 52
17 88 44
17 89 24
17 90 17
17 91 9
17 92 53
17 93 49
17 94 38
17 95 38
17 96 12
17 97 46
17 98 55
17 99 11
17 100 34
18 19 17
18 20 43
18 21 48
18 22 45
18 23 32
18 24 12
18 25 14
18 26 31
18 27 47
18 28 51
18 29 44
18 30 17
18 31 16
18 32 42
18 33 30
18 34 47
18 35 18
18 36 25
18 37 16
18 38 21
18 39 23
18 40 13
18 41 16
18 42 8
18 43 53
18 44 53
18 45 21
18 46 24
18 47 35
18 48 26
18 49 20
18 50 22
18 51 46
18 52 20
18 53 33
18 54 14
18 55 24
18 56 50
18 57 21
18 58 44
18 59 38
18 60 27
18 61 24
18 62 24
18 63 28
18 64 50
18 65 14
18 66 16
18 67 31
18 68 25
18 69 53
18 70 37
18 71 16
18 72 17
18 73 7
18 74 55
18 75 7
18 76 19
18 77 42
18 78 12
18 79 35
18 80 31
18 81 41
18 82 50
18 83 49
18 84 24
18 85 24
18 86 35
18 87 34
18 88 21
18 89 52
18 90 44
18 91 55
18 92 17
18 93 10
18 94 10
18 95 48
18 96 51
18 97 15
18 98 54
18 99 33
18 100 7
19 20 12
19 21 34
19 22 40
19 23 40
19 24 26
19 25 45
19 26 35
19 27 42
19 28 45
19 29 25
19 30 20
19 31 22
19 32 41
19 33 43
19 34 33
19 35 43
19 36 21
19 37 47
19 38 44
19 39 42
19 40 41
19 41 52
19 42 29
19 43 29
19 44 18
19 45 8
19 46 46
19 47 19
19 48 13
19 49 54
19 50 19
19 51 23
19 52 13
19 53 43
19 54 11
19 55 25
19 56 15
19 57 18
19 58 38
19 59 56
19 60 35
19 61 56
19 62 10
19 63 36
19 64 42
19 65 15
19 66 15
19 67 37
19 68 31
19 69 39
19 70 54
19 71 14
19 72 27
19 73 31
19 74 51
19 75 27
19 76 32
19 77 51
19 78 24
19 79 15
19 80 36
19 81 51
19 82 43
19 83 51
19 84 30
19 85 18
19 86 56
19 87 13
19 88 39
19 89 7
19 90 31
19 91 31
19 92 11
19 93 34
19 94 18
19 95 19
19 96 32
19 97 37
19 98 40
19 99 26
19 100 27
20 21 48
20 22 22
20 23 7
20 24 17
20 25 46
20 26 39
20 27 33
20 28 25
20 29 52
20 30 42
20 31 48
20 32 35
20 33 18
20 34 25
20 35 44
20 36 40
20 37 22
20 38 32
20 39 14
20 40 49
20 41 51
20 42 20
20 43 16
20 44 15
20 45 50
20 46 19
20 47 9
20 48 22
20 49 35
20 50 48
20 51 17
20 52 39
20 53 30
20 54 50
20 55 50
20 56 56
20 57 26
20 58 42
20 59 30
20 60 37
20 61 43
20 62 54
20 63 41
20 64 30
20 65 38
20 66 12
20 67 38
20 68 23
20 69 40
20 70 21
20 71 19
20 72 33
20 73 27
20 74 10
20 75 11
20 76 7
20 77 49
20 78 17
20 79 16
20 80 24
20 81 30
20 82 42
20 83 10
20 84 47
20 85 13
20 86 36
20 87 43
20 88 56
20 89 21
20 90 51
20 91 48
20 92 30
20 93 15
20 94 14
20 95 15
20 96 42
20 97 18
20 98 25
20 99 55
20 100 27
21 22 15
21 23 38
21 24 14
21 25 49
21 26 26
21 27 48
21 28 16
21 29 32
21 30 34
21 31 27
21 32 24
21 33 23
21 34 50
21 35 49
21 36 27
21 37 20
21 38 8
21 39 39
21 40 15
21 41 19
21 42 52
21 43 52
21 44 35
21 45 20
21 46 53
21 47 16
21 48 28
21 49 51
21 50 53
21 51 53
21 52 27
21 53 21
21 54 16
21 55 20
21 56 41
21 57 21
21 58 55
21 59 26
21 60 9
21 61 24
21 62 35
21 63 8
21 64 12
21 65 55
21 66 8
21 67 13
21 68 50
21 69 44
21 70 23
21 71 48
21 72 32
21 73 15
21 74 53
21 75 43
21 76 7
21 77 54
21 78 10
21 79 16
21 80 51
21 81 17
21 82 13
21 83 23
21 84 8
21 85 13
21 86 17
21 87 19
21 88 18
21 89 33
21 90 35
21 91 49
21 92 40
21 93 17
21 94 51
21 95 30
21 96 7
21 97 8
21 98 13
21 99 18
21 100 15
22 23 45
22 24 47
22 25 28
22 26 51
22 27 34
22 28 28
22 29 35
22 30 8
22 31 21
22 32 51
22 33 34
22 34 17
22 35 23
22 36 11
22 37 11
22 38 30
22 39 43
22 40 47
22 41 15
22 42 15
22 43 30
22 44 40
22 45 14
22 46 51
22 47 17
22 48 56
22 49 27
22 50 23
22 51 7
22 52 31
22 53 47
22 54 54
22 55 31
22 56 55
22 57 37
22 58 37
22 59 36
22 60 56
22 61 49
22 62 18
22 63 45
22 64 46
22 65 15
22 66 14
22 67 21
22 68 48
22 69 37
22 70 25
22 71 40
22 72 32
22 73 17
22 74 50
22 75 19
22 76 19
22 77 49
22 78 38
22 79 33
22 80 54
22 81 26
22 82 33
22 83 50
22 84 49
22 85 39
22 86 49
22 87 49
22 88 35
22 89 15
22 90 14
22 91 33
22 92 8
22 93 52
22 94 46
22 95 54
22 96 56
22 97 20
22 98 43
22 99 51
22 100 31
23 24 34
23 25 25
23 26 54
23 27 33
23 28 42
23 29 25
23 30 22
23 31 30
23 32 27
23 33 12
23 34 27
23 35 46
23 36 16
23 37 49
23 38 32
23 39 13
23 40 18
23 41 47
23 42 34
23 43 7
23 44 31
23 45 39
23 46 24
23 47 8
23 48 34
23 49 52
23 50 26
23 51 49
23 52 14
23 53 36
23 54 37
23 55 13
23 56 9
23 57 9
23 58 34
23 59 38
23 60 23
23 61 40
23 62 13
23 63 19
23 64 45
23 65 13
23 66 29
23 67 49
23 68 30
23 69 27
23 70 25
23 71 10
23 72 14
23 73 42
23 74 56
23 75 24
23 76 26
23 77 56
23 78 12
23 79 26
23 80 55
23 81 27
23 82 28
23 83 36
23 84 31
23 85 27
23 86 22
23 87 31
23 88 50
23 89 39
23 90 54
23 91 40
23 92 32
23 93 26
23 94 7
23 95 7
23 96 17
23 97 16
23 98 7
23 99 17
23 100 13
24 25 7
24 26 31
24 27 52
24 28 53
24 29 49
24 30 53
24 31 40
24 32 42
24 33 53
24 34 55
24 35 37
24 36 31
24 37 30
24 38 29
24 39 15
24 40 29
24 41 12
24 42 7
24 43 18
24 44 40
24 45 44
24 46 20
24 47 26
24 48 27
24 49 13
24 50 34
24 51 25
24 52 30
24 53 45
24 54 35
24 55 12
24 56 21
24 57 45
24 58 43
24 59 54
24 60 41
24 61 10
24 62 35
24 63 54
24 64 46
24 65 53
24 66 41
24 67 55
24 68 38
24 69 49
24 70 20
24 71 11
24 72 13
24 73 7
24 74 26
24 75 45
24 76 40
24 77 17
24 78 27
24 79 19
24 80 20
24 81 32
24 82 30
24 83 7
24 84 52
24 85 7
24 86 52
24 87 35
24 88 56
24 89 13
24 90 37
24 91 45
24 92 43
24 93 36
24 94 15
24 95 51
24 96 49
24 97 10
24 98 17
24 99 37
24 100 18
25 26 40
25 27 24
25 28 21
25 29 46
25 30 55
25 31 15
25 32 8
25 33 21
25 34 34
25 35 23
25 36 22
25 37 21
25 38 12
25 39 18
25 40 29
25 41 14
25 42 56
25 43 33
25 44 14
25 45 31
25 46 14
25 47 13
25 48 20
25 49 38
25 50 54
25 51 40
25 52 27
25 53 9
25 54 44
25 55 31
25 56 14
25 57 23
25 58 41
25 59 56
25 60 32
25 61 56
25 62 52
25 63 34
25 64 42
25 65 49
25 66 53
25 67 23
25 68 39
25 69 36
25 70 31
25 71 54
25 72 8
25 73 53
25 74 29
25 75 13
25 76 32
25 77 35
25 78 50
25 79 36
25 80 38
25 81 14
25 82 34
25 83 14
25 84 18
25 85 31
25 86 23
25 87 19
25 88 55
25 89 47
25 90 54
25 91 13
25 92 43
25 93 50
25 94 9
25 95 40
25 96 23
25 97 38
25 98 15
25 99 17
25 100 33
26 27 47
26 28 15
26 29 17
26 30 54
26 31 41
26 32 28
26 33 22
26 34 12
26 35 23
26 36 56
26 37 12
26 38 29
26 39 39
26 40 35
26 41 9
26 42 34
26 43 24
26 44 17
26 45 18
26 46 39
26 47 32
26 48 50
26 49 32
26 50 54
26 51 7
26 52 35
26 53 34
26 54 55
26 55 25
26 56 25
26 57 9
26 58 29
26 59 48
26 60 25
26 61 55
26 62 30
26 63 23
26 64 22
26 65 48
26 66 21
26 67 39
26 68 51
26 69 13
26 70 12
26 71 41
26 72 11
26 73 33
26 74 39
26 75 48
26 76 41
26 77 52
26 78 51
26 79 47
26 80 10
26 81 48
26 82 10
26 83 26
26 84 20
26 85 46
26 86 9
26 87 29
26 88 23
26 89 10
26 90 20
26 91 11
26 92 16
26 93 36
26 94 41
26 95 7
26 96 11
26 97 14
26 98 30
26 99 27
26 100 31
27 28 16
27 29 51
27 30 45
27 31 20
27 32 48
27 33 26
27 34 24
27 35 45
27 36 33
27 37 18
27 38 7
27 39 22
27 40 39
27 41 27
27 42 41
27 43 24
27 44 48
27 45 52
27 46 47
27 47 28
27 48 16
27 49 43
27 50 37
27 51 30
27 52 29
27 53 52
27 54 46
27 55 46
27 56 14
27 57 18
27 58 7
27 59 48
27 60 17
27 61 15
27 62 17
27 63 13
27 64 15
27 65 42
27 66 31
27 67 44
27 68 56
27 69 38
27 70 19
27 71 31
27 72 15
27 73 15
27 74 40
27 75 33
27 76 46
27 77 8
27 78 17
27 79 10
27 80 45
27 81 39
27 82 39
27 83 40
27 84 44
27 85 48
27 86 21
27 87 39
27 88 42
27 89 22
27 90 43
27 91 31
27 92 49
27 93 12
27 94 21
27 95 42
27 96 23
27 97 43
27 98 13
27 99 18
27 100 7
28 29 20
28 30 21
28 31 37
28 32 39
28 33 53
28 34 50
28 35 7
28 36 15
28 37 54
28 38 43
28 39 39
28 40 14
28 41 11
28 42 38
28 43 50
28 44 21
28 45 24
28 46 8
28 47 42
28 48 49
28 49 37
28 50 27
28 51 25
28 52 32
28 53 43
28 54 16
28 55 9
28 56 24
28 57 40
28 58 56
28 59 46
28 60 37
28 61 43
28 62 10
28 63 54
28 64 31
28 65 18
28 66 46
28 67 29
28 68 21
28 69 44
28 70 38
28 71 31
28 72 29
28 73 16
28 74 20
28 75 48
28 76 9
28 77 49
28 78 46
28 79 31
28 80 53
28 81 31
28 82 48
28 83 12
28 84 38
28 85 15
28 86 53
28 87 48
28 88 42
28 89 55
28 90 11
28 91 24
28 92 56
28 93 14
28 94 46
28 95 42
28 96 43
28 97 19
28 98 29
28 99 20
28 100 42
29 30 41
29 31 11
29 32 20
29 33 50
29 34 37
29 35 31
29 36 20
29 37 26
29 38 12
29 39 48
29 40 54
29 41 43
29 42 45
29 43 39
29 44 33
29 45 44
29 46 10
29 47 14
29 48 43
29 49 54
29 50 14
29 51 55
29 52 46
29 53 22
29 54 46
29 55 51
29 56 33
29 57 16
29 58 31
29 59 11
29 60 34
29 61 15
29 62 29
29 63 31
29 64 54
29 65 22
29 66 44
29 67 14
29 68 50
29 69 38
29 70 35
29 71 40
29 72 38
29 73 29
29 74 27
29 75 27
29 76 50
29 77 10
29 78 17
29 79 7
29 80 39
29 81 8
29 82 17
29 83 41
29 84 55
29 85 30
29 86 22
29 87 7
29 88 52
29 89 44
29 90 44
29 91 19
29 92 20
29 93 14
29 94 17
29 95 31
29 96 32
29 97 43
29 98 52
29 99 52
29 100 56
30 31 20
30 32 17
30 33 47
30 34 24
30 35 53
30 36 37
30 37 32
30 38 37
30 39 19
30 40 30
30 41 53
30 42 36
30 43 52
30 44 41
30 45 38
30 46 25
30 47 48
30 48 39
30 49 25
30 50 7
30 51 39
30 52 46
30 53 38
30 54 12
30 55 28
30 56 38
30 57 17
30 58 32
30 59 46
30 60 30
30 61 44
30 62 23
30 63 29
30 64 28
30 65 18
30 66 24
30 67 50
30 68 37
30 69 56
30 70 52
30 71 23
30 72 38
30 73 52
30 74 11
30 75 41
30 76 16
30 77 54
30 78 13
30 79 28
30 80 46
30 81 11
30 82 9
30 83 34
30 84 29
30 85 32
30 86 42
30 87 37
30 88 50
30 89 47
30 90 17
30 91 7
30 92 23
30 93 14
30 94 13
30 95 31
30 96 54
30 97 11
30 98 29
30 99 36
30 100 29
31 32 12
31 33 19
31 34 26
31 35 33
31 36 10
31 37 12
31 38 47
31 39 51
31 40 15
31 41 27
31 42 41
31 43 52
31 44 29
31 45 15
31 46 50
31 47 26
31 48 43
31 49 8
31 50 55
31 51 31
31 52 34
31 53 50
31 54 30
31 55 34
31 56 19
31 57 43
31 58 40
31 59 38
31 60 36
31 61 27
31 62 49
31 63 30
31 64 53
31 65 10
31 66 37
31 67 18
31 68 35
31 69 48
31 70 45
31 71 24
31 72 54
31 73 24
31 74 30
31 75 41
31 76 28
31 77 47
31 78 43
31 79 27
31 80 42
31 81 7
31 82 51
31 83 40
31 84 41
31 85 23
31 86 44
31 87 52
31 88 52
31 89 42
31 90 40
31 91 19
31 92 8
31 93 42
31 94 12
31 95 22
31 96 34
31 97 13
31 98 16
31 99 34
31 100 26
32 33 47
32 34 17
32 35 40
32 36 34
32 37 38
32 38 7
32 39 32
32 40 13
32 41 45
32 42 37
32 43 30
32 44 12
32 45 17
32 46 45
32 47 35
32 48 54
32 49 46
32 50 13
32 51 46
32 52 11
32 53 20
32 54 21
32 55 7
32 56 24
32 57 12
32 58 54
32 59 32
32 60 14
32 61 14
32 62 11
32 63 28
32 64 10
32 65 15
32 66 27
32 67 44
32 68 11
32 69 9
32 70 54
32 71 8
32 72 52
32 73 27
32 74 46
32 75 7
32 76 11
32 77 17
32 78 26
32 79 39
32 80 8
32 81 43
32 82 36
32 83 21
32 84 15
32 85 43
32 86 24
32 87 33
32 88 9
32 89 7
32 90 39
32 91 9
32 92 53
32 93 52
32 94 39
32 95 11
32 96 9
32 97 44
32 98 42
32 99 21
32 100 56
33 34 35
33 35 55
33 36 54
33 37 8
33 38 33
33 39 34
33 40 53
33 41 12
33 42 51
33 43 42
33 44 9
33 45 30
33 46 56
33 47 19
33 48 9
33 49 30
33 50 49
33 51 26
33 52 55
33 53 12
33 54 47
33 55 49
33 56 13
33 57 35
33 58 25
33 59 22
33 60 43
33 61 25
33 62 27
33 63 54
33 64 32
33 65 48
33 66 56
33 67 14
33 68 51
33 69 22
33 70 14
33 71 54
33 72 38
33 73 32
33 74 30
33 75 53
33 76 48
33 77 28
33 78 56
33 79 50
33 80 47
33 81 50
33 82 18
33 83 9
33 84 41
33 85 13
33 86 17
33 87 56
33 88 8
33 89 9
33 90 19
33 91 48
33 92 13
33 93 20
33 94 14
33 95 19
33 96 24
33 97 27
33 98 35
33 99 40
33 100 33
34 35 12
34 36 53
34 37 43
34 38 21
34 39 14
34 40 24
34 41 10
34 42 29
34 43 50
34 44 14
34 45 24
34 46 47
34 47 16
34 48 39
34 49 7
34 50 26
34 51 22
34 52 49
34 53 50
34 54 49
34 55 32
34 56 32
34 57 28
34 58 15
34 59 49
34 60 30
34 61 32
34 62 56
34 63 48
34 64 24
34 65 10
34 66 9
34 67 26
34 68 18
34 69 27
34 70 38
34 71 30
34 72 45
34 73 51
34 74 17
34 75 29
34 76 36
34 77 21
34 78 47
34 79 10
34 80 54
34 81 9
34 82 27
34 83 26
34 84 28
34 85 20
34 86 17
34 87 8
34 88 14
34 89 24
34 90 52
34 91 48
34 92 46
34 93 8
34 94 28
34 95 23
34 96 50
34 97 38
34 98 11
34 99 7
34 100 10
35 36 50
35 37 12
35 38 16
35 39 13
35 40 48
35 41 37
35 42 55
35 43 25
35 44 21
35 45 54
35 46 44
35 47 17
35 48 19
35 49 27
35 50 54
35 51 53
35 52 33
35 53 30
35 54 34
35 55 27
35 56 21
35 57 34
35 58 47
35 59 44
35 60 16
35 61 41
35 62 15
35 63 49
35 64 40
35 65 48
35 66 40
35 67 23
35 68 41
35 69 10
35 70 33
35 71 36
35 72 10
35 73 16
35 74 28
35 75 49
35 76 29
35 77 55
35 78 26
35 79 51
35 80 33
35 81 41
35 82 48
35 83 20
35 84 37
35 85 32
35 86 55
35 87 53
35 88 37
35 89 10
35 90 21
35 91 28
35 92 8
35 93 43
35 94 9
35 95 30
35 96 38
35 97 18
35 98 24
35 99 23
35 100 22
36 37 21
36 38 40
36 39 49
36 40 50
36 41 28
36 42 46
36 43 8
36 44 17
36 45 56
36 46 39
36 47 26
36 48 30
36 49 33
36 50 31
36 51 43
36 52 34
36 53 10
36 54 23
36 55 19
36 56 46
36 57 39
36 58 55
36 59 48
36 60 24
36 61 22
36 62 55
36 63 23
36 64 37
36 65 40
36 66 36
36 67 40
36 68 43
36 69 24
36 70 18
36 71 22
36 72 50
36 73 46
36 74 52
36 75 52
36 76 43
36 77 54
36 78 14
36 79 12
36 80 11
36 81 13
36 82 50
36 83 32
36 84 30
36 85 20
36 86 54
36 87 19
36 88 55
36 89 19
36 90 47
36 91 36
36 92 28
36 93 53
36 94 46
36 95 20
36 96 14
36 97 47
36 98 30
36 99 50
36 100 29
37 38 56
37 39 17
37 40 8
37 41 48
37 42 43
37 43 30
37 44 32
37 45 54
37 46 7
37 47 7
37 48 43
37 49 29
37 50 14
37 51 15
37 52 51
37 53 48
37 54 13
37 55 11
37 56 30
37 57 26
37 58 19
37 59 22
37 60 25
37 61 30
37 62 55
37 63 55
37 64 33
37 65 15
37 66 56
37 67 54
37 68 16
37 69 40
37 70 30
37 71 44
37 72 7
37 73 30
37 74 8
37 75 13
37 76 10
37 77 46
37 78 44
37 79 7
37 80 54
37 81 53
37 82 12
37 83 17
37 84 25
37 85 53
37 86 12
37 87 47
37 88 44
37 89 26
37 90 21
37 91 50
37 92 26
37 93 15
37 94 52
37 95 12
37 96 37
37 97 24
37 98 12
37 99 55
37 100 44
38 39 39
38 40 14
38 41 17
38 42 54
38 43 56
38 44 26
38 45 26
38 46 33
38 47 22
38 48 53
38 49 25
38 50 45
38 51 14
38 52 50
38 53 52
38 54 30
38 55 41
38 56 30
38 57 31
38 58 20
38 59 23
38 60 12
38 61 32
38 62 39
38 63 35
38 64 26
38 65 15
38 66 20
38 67 9
38 68 49
38 69 18
38 70 29
38 71 28
38 72 49
38 73 19
38 74 29
38 75 19
38 76 52
38 77 26
38 78 47
38 79 20
38 80 9
38 81 37
38 82 46
38 83 23
38 84 17
38 85 51
38 86 24
38 87 30
38 88 56
38 89 40
38 90 30
38 91 55
38 92 18
38 93 25
38 94 7
38 95 32
38 96 34
38 97 20
38 98 25
38 99 25
38 100 8
39 40 13
39 41 12
39 42 23
39 43 20
39 44 41
39 45 15
39 46 34
39 47 19
39 48 25
39 49 49
39 50 14
39 51 17
39 52 48
39 53 8
39 54 43
39 55 44
39 56 51
39 57 46
39 58 10
39 59 34
39 60 12
39 61 31
39 62 29
39 63 40
39 64 35
39 65 24
39 66 30
39 67 24
39 68 41
39 69 7
39 70 50
39 71 53
39 72 19
39 73 45
39 74 15
39 75 16
39 76 21
39 77 8
39 78 21
39 79 30
39 80 19
39 81 11
39 82 49
39 83 33
39 84 38
39 85 41
39 86 45
39 87 14
39 88 56
39 89 38
39 90 52
39 91 17
39 92 35
39 93 25
39 94 7
39 95 21
39 96 45
39 97 16
39 98 24
39 99 31
39 100 47
40 41 52
40 42 42
40 43 11
40 44 39
40 45 38
40 46 30
40 47 52
40 48 8
40 49 37
40 50 16
40 51 48
40 52 46
40 53 13
40 54 23
40 55 8
40 56 34
40 57 43
40 58 33
40 59 39
40 60 25
40 61 36
40 62 20
40 63 29
40 64 36
40 65 51
40 66 53
40 67 10
40 68 16
40 69 9
40 70 16
40 71 52
40 72 39
40 73 48
40 74 18
40 75 8
40 76 11
40 77 43
40 78 30
40 79 33
40 80 44
40 81 46
40 82 11
40 83 11
40 84 22
40 85 28
40 86 34
40 87 32
40 88 25
40 89 56
40 90 17
40 91 34
40 92 17
40 93 10
40 94 42
40 95 42
40 96 40
40 97 45
40 98 50
40 99 12
40 100 36
41 42 29
41 43 54
41 44 38
41 45 54
41 46 13
41 47 13
41 48 18
41 49 46
41 50 48
41 51 30
41 52 54
41 53 36
41 54 32
41 55 31
41 56 42
41 57 11
41 58 29
41 59 55
41 60 52
41 61 43
41 62 10
41 63 23
41 64 41
41 65 32
41 66 47
41 67 53
41 68 25
41 69 15
41 70 10
41 71 36
41 72 25
41 73 42
41 74 30
41 75 47
41 76 16
41 77 7
41 78 49
41 79 31
41 80 49
41 81 19
41 82 20
41 83 16
41 84 18
41 85 31
41 86 51
41 87 41
41 88 28
41 89 32
41 90 42
41 91 7
41 92 56
41 93 49
41 94 44
41 95 32
41 96 25
41 97 36
41 98 47
41 99 54
41 100 12
42 43 44
42 44 8
42 45 19
42 46 54
42 47 9
42 48 35
42 49 34
42 50 35
42 51 40
42 52 7
42 53 14
42 54 40
42 55 32
42 56 44
42 57 42
42 58 36
42 59 41
42 60 28
42 61 25
42 62 8
42 63 40
42 64 18
42 65 18
42 66 23
42 67 48
42 68 17
42 69 48
42 70 8
42 71 19
42 72 14
42 73 21
42 74 9
42 75 50
42 76 11
42 77 40
42 78 9
42 79 29
42 80 32
42 81 29
42 82 20
42 83 21
42 84 18
42 85 37
42 86 47
42 87 50
42 88 54
42 89 33
42 90 42
42 91 7
42 92 40
42 93 19
42 94 49
42 95 46
42 96 31
42 97 34
42 98 40
42 99 24
42 100 39
43 44 37
43 45 37
43 46 50
43 47 45
43 48 12
43 49 28
43 50 35
43 51 13
43 52 31
43 53 9
43 54 53
43 55 8
43 56 28
43 57 51
43 58 14
43 59 14
43 60 34
43 61 22
43 62 30
43 63 49
43 64 17
43 65 43
43 66 28
43 67 56
43 68 47
43 69 7
43 70 24
43 71 15
43 72 23
43 73 30
43 74 39
43 75 11
43 76 42
43 77 33
43 78 11
43 79 38
43 80 25
43 81 40
43 82 34
43 83 14
43 84 7
43 85 16
43 86 45
43 87 50
43 88 16
43 89 35
43 90 30
43 91 26
43 92 19
43 93 54
43 94 10
43 95 43
43 96 25
43 97 22
43 98 50
43 99 33
43 100 49
44 45 27
44 46 25
44 47 40
44 48 35
44 49 32
44 50 34
44 51 9
44 52 56
44 53 37
44 54 28
44 55 27
44 56 40
44 57 19
44 58 54
44 59 9
44 60 38
44 61 27
44 62 28
44 63 56
44 64 13
44 65 32
44 66 56
44 67 16
44 68 48
44 69 25
44 70 36
44 71 50
44 72 9
44 73 52
44 74 30
44 75 43
44 76 24
44 77 13
44 78 31
44 79 40
44 80 9
44 81 49
44 82 26
44 83 17
44 84 45
44 85 36
44 86 54
44 87 38
44 88 43
44 89 54
44 90 17
44 91 27
44 92 28
44 93 35
44 94 7
44 95 46
44 96 11
44 97 14
44 98 41
44 99 12
44 100 10
45 46 24
45 47 39
45 48 16
45 49 53
45 50 46
45 51 37
45 52 21
45 53 35
45 54 10
45 55 33
45 56 13
45 57 54
45 58 50
45 59 12
45 60 7
45 61 55
45 62 56
45 63 56
45 64 51
45 65 8
45 66 35
45 67 56
45 68 12
45 69 22
45 70 22
45 71 10
45 72 19
45 73 52
45 74 40
45 75 27
45 76 26
45 77 30
45 78 46
45 79 52
45 80 37
45 81 34
45 82 8
45 83 15
45 84 19
45 85 54
45 86 20
45 87 18
45 88 11
45 89 18
45 90 55
45 91 15
45 92 45
45 93 41
45 94 12
45 95 42
45 96 29
45 97 41
45 98 43
45 99 30
45 100 25
46 47 48
46 48 23
46 49 32
46 50 38
46 51 35
46 52 13
46 53 38
46 54 32
46 55 7
46 56 10
46 57 44
46 58 56
46 59 10
46 60 47
46 61 9
46 62 55
46 63 51
46 64 52
46 65 50
46 66 46
46 67 13
46 68 11
46 69 23
46 70 17
46 71 41
46 72 11
46 73 18
46 74 13
46 75 24
46 76 21
46 77 45
46 78 40
46 79 53
46 80 54
46 81 24
46 82 19
46 83 25
46 84 23
46 85 23
46 86 43
46 87 20
46 88 27
46 89 7
46 90 31
46 91 28
46 92 51
46 93 35
46 94 45
46 95 51
46 96 39
46 97 38
46 98 48
46 99 27
46 100 55
47 48 48
47 49 21
47 50 17
47 51 16
47 52 17
47 53 29
47 54 35
47 55 48
47 56 17
47 57 33
47 58 7
47 59 50
47 60 36
47 61 7
47 62 8
47 63 18
47 64 43
47 65 45
47 66 42
47 67 33
47 68 31
47 69 37
47 70 56
47 71 29
47 72 10
47 73 39
47 74 34
47 75 20
47 76 54
47 77 48
47 78 43
47 79 32
47 80 17
47 81 8
47 82 47
47 83 50
47 84 18
47 85 36
47 86 45
47 87 29
47 88 27
47 89 42
47 90 32
47 91 7
47 92 12
47 93 48
47 94 10
47 95 7
47 96 38
47 97 29
47 98 26
47 99 17
47 100 34
48 49 35
48 50 12
48 51 13
48 52 41
48 53 17
48 54 28
48 55 12
48 56 47
48 57 38
48 58 40
48 59 9
48 60 33
48 61 24
48 62 28
48 63 56
48 64 10
48 65 40
48 66 55
48 67 24
48 68 46
48 69 7
48 70 33
48 71 56
48 72 55
48 73 52
48 74 21
48 75 36
48 76 9
48 77 52
48 78 31
48 79 46
48 80 8
48 81 11
48 82 35
48 83 26
48 84 50
48 85 11
48 86 38
48 87 17
48 88 26
48 89 14
48 90 28
48 91 29
48 92 10
48 93 49
48 94 29
48 95 23
48 96 10
48 97 47
48 98 41
48 99 38
48 100 43
49 50 34
49 51 24
49 52 42
49 53 32
49 54 29
49 55 20
49 56 42
49 57 19
49 58 34
49 59 20
49 60 7
49 61 29
49 62 23
49 63 35
49 64 35
49 65 52
49 66 47
49 67 16
49 68 48
49 69 31
49 70 50
49 71 53
49 72 25
49 73 9
49 74 11
49 75 24
49 76 24
49 77 30
49 78 45
49 79 47
49 80 11
49 81 12
49 82 42
49 83 53
49 84 30
49 85 56
49 86 53
49 87 56
49 88 52
49 89 7
49 90 29
49 91 25
49 92 50
49 93 15
49 94 39
49 95 8
49 96 43
49 97 23
49 98 39
49 99 37
49 100 42
50 51 29
50 52 56
50 53 51
50 54 21
50 55 35
50 56 8
50 57 35
50 58 28
50 59 44
50 60 54
50 61 38
50 62 12
50 63 30
50 64 49
50 65 33
50 66 41
50 67 46
50 68 34
50 69 17
50 70 37
50 71 9
50 72 21
50 73 12
50 74 27
50 75 44
50 76 31
50 77 17
50 78 29
50 79 18
50 80 32
50 81 45
50 82 24
50 83 47
50 84 20
50 85 39
50 86 46
50 87 36
50 88 28
50 89 26
50 90 25
50 91 21
50 92 44
50 93 46
50 94 15
50 95 14
50 96 24
50 97 40
50 98 43
50 99 20
50 100 28
51 52 55
51 53 22
51 54 39
51 55 14
51 56 20
51 57 52
51 58 24
51 59 18
51 60 18
51 61 13
51 62 54
51 63 48
51 64 36
51 65 29
51 66 25
51 67 34
51 68 44
51 69 22
51 70 25
51 71 19
51 72 26
51 73 48
51 74 40
51 75 50
51 76 7
51 77 17
51 78 28
51 79 20
51 80 26
51 81 53
51 82 8
51 83 24
51 84 30
51 85 40
51 86 22
51 87 39
51 88 7
51 89 23
51 90 8
51 91 33
51 92 45
51 93 38
51 94 9
51 95 15
51 96 43
51 97 48
51 98 48
51 99 19
51 100 25
52 53 29
52 54 55
52 55 52
52 56 54
52 57 36
52 58 12
52 59 22
52 60 46
52 61 9
52 62 47
52 63 49
52 64 38
52 65 33
52 66 17
52 67 8
52 68 37
52 69 50
52 70 45
52 71 29
52 72 33
52 73 51
52 74 27
52 75 44
52 76 25
52 77 22
52 78 22
52 79 55
52 80 22
52 81 14
52 82 28
52 83 11
52 84 9
52 85 34
52 86 12
52 87 51
52 88 30
52 89 34
52 90 35
52 91 27
52 92 55
52 93 37
52 94 25
52 95 47
52 96 20
52 97 54
52 98 14
52 99 19
52 100 56
53 54 48
53 55 53
53 56 50
53 57 13
53 58 22
53 59 54
53 60 16
53 61 52
53 62 41
53 63 26
53 64 10
53 65 27
53 66 48
53 67 40
53 68 14
53 69 15
53 70 16
53 71 39
53 72 23
53 73 12
53 74 29
53 75 27
53 76 14
53 77 48
53 78 52
53 79 26
53 80 41
53 81 39
53 82 40
53 83 29
53 84 42
53 85 39
53 86 7
53 87 24
53 88 31
53 89 12
53 90 39
53 91 11
53 92 47
53 93 23
53 94 40
53 95 33
53 96 16
53 97 17
53 98 31
53 99 51
53 100 46
54 55 12
54 56 41
54 57 44
54 58 40
54 59 42
54 60 32
54 61 48
54 62 11
54 63 38
54 64 48
54 65 11
54 66 28
54 67 49
54 68 44
54 69 55
54 70 27
54 71 23
54 72 22
54 73 47
54 74 36
54 75 36
54 76 18
54 77 47
54 78 17
54 79 24
54 80 30
54 81 52
54 82 29
54 83 23
54 84 51
54 85 9
54 86 25
54 87 37
54 88 15
54 89 14
54 90 55
54 91 18
54 92 28
54 93 32
54 94 18
54 95 31
54 96 30
54 97 50
54 98 56
54 99 20
54 100 21
55 56 9
55 57 10
55 58 16
55 59 14
55 60 50
55 61 9
55 62 8
55 63 49
55 64 52
55 65 56
55 66 41
55 67 37
55 68 50
55 69 50
55 70 45
55 71 49
55 72 39
55 73 51
55 74 51
55 75 23
55 76 8
55 77 20
55 78 39
55 79 27
55 80 29
55 81 45
55 82 46
55 83 36
55 84 25
55 85 32
55 86 31
55 87 37
55 88 39
55 89 23
55 90 11
55 91 26
55 92 48
55 93 28
55 94 53
55 95 7
55 96 50
55 97 26
55 98 13
55 99 49
55 100 41
56 57 33
56 58 49
56 59 48
56 60 12
56 61 56
56 62 32
56 63 37
56 64 36
56 65 39
56 66 26
56 67 10
56 68 35
56 69 20
56 70 27
56 71 35
56 72 14
56 73 20
56 74 8
56 75 29
56 76 38
56 77 30
56 78 22
56 79 41
56 80 42
56 81 19
56 82 18
56 83 17
56 84 7
56 85 54
56 86 36
56 87 11
56 88 32
56 89 12
56 90 25
56 91 19
56 92 22
56 93 54
56 94 12
56 95 52
56 96 33
56 97 29
56 98 33
56 99 49
56 100 34
57 58 54
57 59 50
57 60 14
57 61 56
57 62 42
57 63 32
57 64 11
57 65 9
57 66 46
57 67 31
57 68 54
57 69 52
57 70 25
57 71 19
57 72 53
57 73 32
57 74 32
57 75 37
57 76 26
57 77 9
57 78 19
57 79 33
57 80 15
57 81 33
57 82 42
57 83 9
57 84 38
57 85 31
57 86 20
57 87 38
57 88 12
57 89 12
57 90 55
57 91 16
57 92 22
57 93 34
57 94 40
57 95 43
57 96 52
57 97 50
57 98 33
57 99 27
57 100 28
58 59 37
58 60 52
58 61 41
58 62 49
58 63 15
58 64 51
58 65 36
58 66 52
58 67 55
58 68 20
58 69 48
58 70 41
58 71 15
58 72 32
58 73 44
58 74 41
58 75 37
58 76 47
58 77 52
58 78 34
58 79 14
58 80 31
58 81 25
58 82 30
58 83 43
58 84 22
58 85 7
58 86 32
58 87 39
58 88 53
58 89 30
58 90 20
58 91 21
58 92 39
58 93 24
58 94 48
58 95 22
58 96 20
58 97 17
58 98 38
58 99 43
58 100 15
59 60 53
59 61 12
59 62 48
59 63 53
59 64 8
59 65 44
59 66 56
59 67 7
59 68 9
59 69 28
59 70 27
59 71 22
59 72 49
59 73 49
59 74 39
59 75 8
59 76 35
59 77 48
59 78 13
59 79 50
59 80 35
59 81 10
59 82 39
59 83 27
59 84 10
59 85 14
59 86 32
59 87 45
59 88 53
59 89 27
59 90 29
59 91 48
59 92 50
59 93 49
59 94 28
59 95 48
59 96 13
59 97 42
59 98 18
59 99 46
59 100 41
60 61 46
60 62 38
60 63 18
60 64 9
60 65 16
60 66 24
60 67 56
60 68 21
60 69 29
60 70 23
60 71 50
60 72 54
60 73 37
60 74 52
60 75 52
60 76 10
60 77 54
60 78 34
60 79 14
60 80 20
60 81 30
60 82 44
60 83 15
60 84 43
60 85 15
60 86 43
60 87 25
60 88 21
60 89 49
60 90 18
60 91 44
60 92 7
60 93 46
60 94 7
60 95 55
60 96 36
60 97 23
60 98 11
60 99 50
60 100 29
61 62 38
61 63 12
61 64 47
61 65 17
61 66 44
61 67 50
61 68 52
61 69 40
61 70 49
61 71 48
61 72 15
61 73 30
61 74 38
61 75 30
61 76 47
61 77 38
61 78 30
61 79 9
61 80 28
61 81 52
61 82 37
61 83 27
61 84 11
61 85 45
61 86 49
61 87 24
61 88 23
61 89 11
61 90 53
61 91 39
61 92 27
61 93 24
61 94 16
61 95 19
61 96 13
61 97 47
61 98 50
61 99 38
61 100 27
62 63 50
62 64 50
62 65 53
62 66 18
62 67 30
62 68 29
62 69 12
62 70 52
62 71 14
62 72 53
62 73 22
62 74 12
62 75 25
62 76 7
62 77 9
62 78 41
62 79 34
62 80 43
62 81 10
62 82 22
62 83 29
62 84 15
62 85 12
62 86 55
62 87 48
62 88 11
62 89 46
62 90 38
62 91 12
62 92 32
62 93 43
62 94 15
62 95 13
62 96 22
62 97 38
62 98 26
62 99 10
62 100 21
63 64 19
63 65 39
63 66 32
63 67 35
63 68 38
63 69 51
63 70 30
63 71 29
63 72 29
63 73 8
63 74 8
63 75 45
63 76 28
63 77 56
63 78 49
63 79 40
63 80 9
63 81 36
63 82 37
63 83 42
63 84 35
63 85 30
63 86 56
63 87 39
63 88 7
63 89 30
63 90 35
63 91 14
63 92 41
63 93 20
63 94 20
63 95 11
63 96 49
63 97 51
63 98 12
63 99 15
63 100 23
64 65 14
64 66 43
64 67 14
64 68 38
64 69 56
64 70 31
64 71 41
64 72 50
64 73 7
64 74 8
64 75 17
64 76 7
64 77 16
64 78 36
64 79 37
64 80 31
64 81 8
64 82 22
64 83 46
64 84 19
64 85 56
64 86 28
64 87 21
64 88 40
64 89 38
64 90 53
64 91 47
64 92 39
64 93 44
64 94 40
64 95 46
64 96 9
64 97 9
64 98 11
64 99 49
64 100 56
65 66 42
65 67 8
65 68 31
65 69 15
65 70 26
65 71 33
65 72 7
65 73 8
65 74 47
65 75 41
65 76 51
65 77 49
65 78 10
65 79 27
65 80 51
65 81 40
65 82 8
65 83 23
65 84 9
65 85 30
65 86 43
65 87 36
65 88 54
65 89 24
65 90 26
65 91 54
65 92 48
65 93 19
65 94 37
65 95 15
65 96 43
65 97 28
65 98 36
65 99 13
65 100 33
66 67 54
66 68 11
66 69 53
66 70 15
66 71 29
66 72 7
66 73 35
66 74 42
66 75 53
66 76 19
66 77 20
66 78 25
66 79 32
66 80 50
66 81 52
66 82 51
66 83 30
66 84 35
66 85 53
66 86 15
66 87 32
66 88 50
66 89 16
66 90 34
66 91 22
66 92 50
66 93 11
66 94 31
66 95 43
66 96 46
66 97 40
66 98 25
66 99 26
66 100 42
67 68 18
67 69 37
67 70 9
67 71 44
67 72 38
67 73 25
67 74 34
67 75 8
67 76 54
67 77 15
67 78 13
67 79 26
67 80 52
67 81 12
67 82 55
67 83 24
67 84 52
67 85 35
67 86 38
67 87 21
67 88 35
67 89 40
67 90 47
67 91 14
67 92 19
67 93 53
67 94 19
67 95 56
67 96 34
67 97 8
67 98 49
67 99 17
67 100 46
68 69 20
68 70 38
68 71 37
68 72 22
68 73 11
68 74 11
68 75 40
68 76 24
68 77 22
68 78 52
68 79 32
68 80 15
68 81 13
68 82 30
68 83 10
68 84 39
68 85 45
68 86 43
68 87 27
68 88 46
68 89 47
68 90 36
68 91 49
68 92 16
68 93 26
68 94 20
68 95 38
68 96 49
68 97 7
68 98 7
68 99 30
68 100 27
69 70 27
69 71 49
69 72 28
69 73 46
69 74 46
69 75 48
69 76 32
69 77 53
69 78 9
69 79 8
69 80 30
69 81 49
69 82 17
69 83 11
69 84 35
69 85 34
69 86 48
69 87 9
69 88 51
69 89 17
69 90 21
69 91 43
69 92 17
69 93 46
69 94 20
69 95 21
69 96 26
69 97 33
69 98 39
69 99 11
69 100 44
70 71 18
70 72 53
70 73 51
70 74 28
70 75 56
70 76 19
70 77 40
70 78 50
70 79 40
70 80 25
70 81 52
70 82 44
70 83 17
70 84 43
70 85 12
70 86 28
70 87 17
70 88 23
70 89 12
70 90 11
70 91 54
70 92 39
70 93 49
70 94 53
70 95 25
70 96 16
70 97 23
70 98 38
70 99 29
70 100 28
71 72 50
71 73 32
71 74 32
71 75 41
71 76 50
71 77 13
71 78 49
71 79 24
71 80 20
71 81 7
71 82 50
71 83 45
71 84 16
71 85 18
71 86 19
71 87 20
71 88 46
71 89 15
71 90 52
71 91 54
71 92 39
71 93 41
71 94 32
71 95 16
71 96 31
71 97 49
71 98 37
71 99 18
71 100 7
72 73 40
72 74 45
72 75 37
72 76 55
72 77 24
72 78 17
72 79 20
72 80 30
72 81 40
72 82 45
72 83 18
72 84 56
72 85 49
72 86 55
72 87 20
72 88 32
72 89 9
72 90 25
72 91 47
72 92 18
72 93 35
72 94 36
72 95 52
72 96 53
72 97 41
72 98 13
72 99 27
72 100 25
73 74 36
73 75 37
73 76 53
73 77 15
73 78 15
73 79 8
73 80 53
73 81 20
73 82 25
73 83 7
73 84 13
73 85 36
73 86 51
73 87 48
73 88 43
73 89 56
73 90 53
73 91 9
73 92 55
73 93 36
73 94 55
73 95 20
73 96 33
73 97 28
73 98 17
73 99 56
73 100 14
74 75 47
74 76 23
74 77 43
74 78 35
74 79 48
74 80 27
74 81 50
74 82 56
74 83 17
74 84 41
74 85 53
74 86 23
74 87 38
74 88 9
74 89 8
74 90 11
74 91 7
74 92 33
74 93 17
74 94 16
74 95 9
74 96 17
74 97 56
74 98 14
74 99 31
74 100 13
75 76 51
75 77 44
75 78 21
75 79 29
75 80 19
75 81 49
75 82 40
75 83 19
75 84 9
75 85 28
75 86 9
75 87 46
75 88 36
75 89 52
75 90 31
75 91 51
75 92 49
75 93 32
75 94 39
75 95 50
75 96 26
75 97 21
75 98 12
75 99 40
75 100 12
76 77 14
76 78 32
76 79 14
76 80 25
76 81 34
76 82 45
76 83 38
76 84 26
76 85 35
76 86 20
76 87 29
76 88 17
76 89 38
76 90 16
76 91 41
76 92 13
76 93 37
76 94 48
76 95 39
76 96 27
76 97 42
76 98 29
76 99 22
76 100 50
77 78 40
77 79 38
77 80 50
77 81 38
77 82 51
77 83 13
77 84 27
77 85 13
77 86 52
77 87 52
77 88 54
77 89 48
77 90 10
77 91 52
77 92 48
77 93 13
77 94 53
77 95 43
77 96 21
77 97 46
77 98 52
77 99 33
77 100 18
78 79 30
78 80 45
78 81 14
78 82 26
78 83 23
78 84 50
78 85 51
78 86 16
78 87 29
78 88 14
78 89 24
78 90 15
78 91 9
78 92 50
78 93 50
78 94 14
78 95 23
78 96 19
78 97 24
78 98 12
78 99 11
78 100 45
79 80 55
79 81 31
79 82 28
79 83 19
79 84 21
79 85 41
79 86 19
79 87 20
79 88 14
79 89 42
79 90 22
79 91 31
79 92 20
79 93 53
79 94 9
79 95 37
79 96 31
79 97 11
79 98 49
79 99 44
79 100 35
80 81 47
80 82 21
80 83 11
80 84 11
80 85 34
80 86 28
80 87 47
80 88 16
80 89 10
80 90 34
80 91 46
80 92 32
80 93 20
80 94 11
80 95 28
80 96 27
80 97 26
80 98 23
80 99 11
80 100 26
81 82 56
81 83 35
81 84 11
81 85 20
81 86 23
81 87 45
81 88 26
81 89 11
81 90 48
81 91 42
81 92 29
81 93 14
81 94 49
81 95 46
81 96 13
81 97 56
81 98 55
81 99 34
81 100 39
82 83 40
82 84 37
82 85 11
82 86 32
82 87 44
82 88 32
82 89 17
82 90 49
82 91 29
82 92 23
82 93 31
82 94 21
82 95 11
82 96 19
82 97 52
82 98 11
82 99 17
82 100 40
83 84 23
83 85 30
83 86 15
83 87 17
83 88 42
83 89 43
83 90 53
83 91 35
83 92 23
83 93 47
83 94 31
83 95 43
83 96 34
83 97 39
83 98 53
83 99 31
83 100 19
84 85 44
84 86 42
84 87 17
84 88 41
84 89 39
84 90 26
84 91 54
84 92 49
84 93 47
84 94 44
84 95 22
84 96 43
84 97 29
84 98 24
84 99 43
84 100 38
85 86 34
85 87 42
85 88 27
85 89 34
85 90 13
85 91 7
85 92 40
85 93 12
85 94 8
85 95 54
85 96 30
85 97 44
85 98 18
85 99 40
85 100 31
86 87 39
86 88 28
86 89 24
86 90 56
86 91 47
86 92 34
86 93 8
86 94 16
86 95 21
86 96 33
86 97 8
86 98 36
86 99 48
86 100 19
87 88 13
87 89 52
87 90 23
87 91 13
87 92 21
87 93 16
87 94 44
87 95 12
87 96 23
87 97 31
87 98 41
87 99 17
87 100 55
88 89 14
88 90 27
88 91 36
88 92 13
88 93 51
88 94 40
88 95 39
88 96 17
88 97 47
88 98 37
88 99 23
88 100 32
89 90 39
89 91 47
89 92 27
89 93 47
89 94 19
89 95 8
89 96 48
89 97 36
89 98 34
89 99 50
89 100 54
90 91 11
90 92 25
90 93 50
90 94 48
90 95 25
90 96 18
90 97 45
90 98 50
90 99 46
90 100 56
91 92 55
91 93 24
91 94 15
91 95 31
91 96 8
91 97 26
91 98 42
91 99 50
91 100 29
92 93 55
92 94 43
92 95 39
92 96 27
92 97 18
92 98 38
92 99 56
92 100 22
93 94 50
93 95 26
93 96 25
93 97 23
93 98 12
93 99 42
93 100 54
94 95 45
94 96 40
94 97 54
94 98 51
94 99 8
94 100 10
95 96 47
95 97 19
95 98 16
95 99 23
95 100 31
96 97 35
96 98 19
96 99 38
96 100 46
97 98 13
97 99 14
97 100 17
98 99 35
98 100 10
99 100 46
1 20 123
1 20 123
1 20 123
1 20 123
1 20 123
1 20 123
1 20 223
1 50 123
1 70 123
1 32 13
1 89 12
65 88 54
1 20 123
87 99 2
11 80 1123
0 0


9 16
1 2 50
1 4 90
1 5 10
5 2 70
2 3 65
3 5 90
3 6 81
6 5 100
6 9 63
9 5 69
9 8 33
5 8 43
8 7 21
5 7 40
4 5 30
4 7 97
7 5 43
6 4 98
6 4 99
3 4 98
8 2 42
9 1 147
5 1 130
0 0

7 10
1 2 5
1 3 20
2 3 69
3 4 2
4 5 420
4 6 10
4 7 33
6 5 3
7 6 9
7 5 7
2 1 19
3 4 1337
6 3 1000000000
5 2 3456
5 7 320
0 0








10 13
1 5 16
1 2 70
1 3 10
2 3 60
3 4 50
3 5 33
4 5 40
5 6 30
5 8 29
6 7 2
6 8 40
8 9 90
9 10 20
1 2 70
1 3 70
1 4 100
1 5 42
1 6 70
1 7 69
1 8 39
1 9 270
1 10 19
0 0






10 17
1 2 9
1 4 20
1 3 12
3 2 3
3 4 11
5 4 13
3 5 4
2 8 10
3 7 17
5 6 6
6 7 16
6 10 2
7 8 7
8 9 8
7 9 5
7 10 18
9 10 21
10 1 678
9 5 450
5 8 450
10 9 3
4 8 9987
3 4 100
2 6 990
0 0




7 10
1 2 30
1 3 15
1 4 10
2 4 25
2 5 60
3 4 40
3 6 20
4 7 35
5 7 20
6 7 30
1 7 99
0 0

